$ 1 0.000005 10.20027730826997 50 5 43 5e-11
w 100 205 120 205 0
w 195 205 220 205 0
w 220 205 325 205 0
w 325 205 345 205 0
w 445 205 470 205 0
w 470 205 580 205 0
w 470 285 470 310 0
w 100 385 220 385 0
w 220 385 325 385 0
w 325 385 470 385 0
w 470 385 580 385 0
v 100 385 100 205 0 0 0 0 6 0 0
r 195 205 120 205 0 2
l 445 205 345 205 0 2 -0.12532411836055235 0
r 470 385 470 310 0 6
r 325 205 325 385 0 4
c 220 385 220 205 0 2 -0.9449952989079664 0.001
r 580 385 580 205 0 8
c 470 285 470 205 0 3 -0.006734358119146411 0.001
