6 0.09324384787472036 0.33467032967032967 0.04722595078299776 0.3542857142857143
6 0.09751677852348994 0.7084065934065934 0.04722595078299776 0.34824175824175824
6 0.28357941834451905 0.3453846153846154 0.06357941834451902 0.28675824175824177
6 0.2769798657718121 0.7091758241758241 0.06315436241610739 0.31313186813186816
6 0.3861521252796421 0.07994505494505495 0.11742729306487697 0.14318681318681317
6 0.5114093959731544 0.35873626373626377 0.06116331096196868 0.31868131868131866
7 0.507158836689038 0.7123076923076922 0.09523489932885906 0.2985164835164835
6 0.6226174496644296 0.07604395604395604 0.11308724832214764 0.13005494505494505
6 0.7287024608501119 0.35769230769230764 0.052572706935123045 0.31659340659340657
6 0.7272035794183446 0.6821978021978021 0.053847874720357944 0.2958791208791209
6 0.8854809843400447 0.3241758241758242 0.05080536912751678 0.31236263736263736
6 0.888255033557047 0.7052197802197802 0.060604026845637586 0.320989010989011